datetime,county,state,fips,cases,deaths,casecount
05/01/2020,Cass,North Dakota,38017,542,16,15
05/02/2020,Cass,North Dakota,38017,572,17,30
05/03/2020,Cass,North Dakota,38017,605,18,33
05/04/2020,Cass,North Dakota,38017,630,18,25
05/05/2020,Cass,North Dakota,38017,643,18,13
05/06/2020,Cass,North Dakota,38017,686,23,43
05/07/2020,Cass,North Dakota,38017,709,23,23
05/08/2020,Cass,North Dakota,38017,752,24,43
05/09/2020,Cass,North Dakota,38017,781,26,29
05/10/2020,Cass,North Dakota,38017,805,26,24
05/11/2020,Cass,North Dakota,38017,821,27,16
05/12/2020,Cass,North Dakota,38017,866,29,45
05/13/2020,Cass,North Dakota,38017,935,31,69
05/14/2020,Cass,North Dakota,38017,991,31,56
05/15/2020,Cass,North Dakota,38017,1032,32,41
05/16/2020,Cass,North Dakota,38017,1106,32,74
05/17/2020,Cass,North Dakota,38017,1147,33,41
05/18/2020,Cass,North Dakota,38017,1173,33,26
05/19/2020,Cass,North Dakota,38017,1229,34,56
05/20/2020,Cass,North Dakota,38017,1277,38,48
05/21/2020,Cass,North Dakota,38017,1370,40,93
05/22/2020,Cass,North Dakota,38017,1442,41,72
05/23/2020,Cass,North Dakota,38017,1487,41,45
05/24/2020,Cass,North Dakota,38017,1528,42,41
05/25/2020,Cass,North Dakota,38017,1564,43,36
05/26/2020,Cass,North Dakota,38017,1580,43,16
05/27/2020,Cass,North Dakota,38017,1596,45,16
05/28/2020,Cass,North Dakota,38017,1632,46,36
05/29/2020,Cass,North Dakota,38017,1661,48,29
05/30/2020,Cass,North Dakota,38017,1685,49,24
05/31/2020,Cass,North Dakota,38017,1705,50,20
06/01/2020,Cass,North Dakota,38017,1744,50,39
06/02/2020,Cass,North Dakota,38017,1762,54,18
06/03/2020,Cass,North Dakota,38017,1783,55,21
06/04/2020,Cass,North Dakota,38017,1803,55,20
06/05/2020,Cass,North Dakota,38017,1834,59,31
06/06/2020,Cass,North Dakota,38017,1880,60,46
06/07/2020,Cass,North Dakota,38017,1911,60,31
06/08/2020,Cass,North Dakota,38017,1917,60,6
06/09/2020,Cass,North Dakota,38017,1930,60,13
06/10/2020,Cass,North Dakota,38017,1958,61,28
06/11/2020,Cass,North Dakota,38017,1984,62,26
06/12/2020,Cass,North Dakota,38017,2006,62,22
06/13/2020,Cass,North Dakota,38017,2037,62,31
06/14/2020,Cass,North Dakota,38017,2044,62,7
06/15/2020,Cass,North Dakota,38017,2058,62,14
06/16/2020,Cass,North Dakota,38017,2067,62,9
06/17/2020,Cass,North Dakota,38017,2084,62,17
06/18/2020,Cass,North Dakota,38017,2091,63,7
06/19/2020,Cass,North Dakota,38017,2104,64,13
06/20/2020,Cass,North Dakota,38017,2118,64,14
06/21/2020,Cass,North Dakota,38017,2138,64,20
06/22/2020,Cass,North Dakota,38017,2143,64,5
06/23/2020,Cass,North Dakota,38017,2146,65,3
06/24/2020,Cass,North Dakota,38017,2165,65,19
06/25/2020,Cass,North Dakota,38017,2171,65,6
06/26/2020,Cass,North Dakota,38017,2181,65,10
06/27/2020,Cass,North Dakota,38017,2193,65,12
06/28/2020,Cass,North Dakota,38017,2208,66,15
06/29/2020,Cass,North Dakota,38017,2233,66,25
06/30/2020,Cass,North Dakota,38017,2245,66,12
07/01/2020,Cass,North Dakota,38017,2260,66,15
07/02/2020,Cass,North Dakota,38017,2277,66,17
07/03/2020,Cass,North Dakota,38017,2295,66,18
07/04/2020,Cass,North Dakota,38017,2323,66,28
07/05/2020,Cass,North Dakota,38017,2334,66,11
07/06/2020,Cass,North Dakota,38017,2351,66,17
07/07/2020,Cass,North Dakota,38017,2358,69,7
07/08/2020,Cass,North Dakota,38017,2373,70,15
07/09/2020,Cass,North Dakota,38017,2402,70,29
07/10/2020,Cass,North Dakota,38017,2421,70,19
07/11/2020,Cass,North Dakota,38017,2442,72,21
07/12/2020,Cass,North Dakota,38017,2464,72,22
07/13/2020,Cass,North Dakota,38017,2492,72,28
07/14/2020,Cass,North Dakota,38017,2503,73,11
07/15/2020,Cass,North Dakota,38017,2522,73,19
07/16/2020,Cass,North Dakota,38017,2547,73,25
07/17/2020,Cass,North Dakota,38017,2584,73,37
07/18/2020,Cass,North Dakota,38017,2613,73,29
07/19/2020,Cass,North Dakota,38017,2639,73,26
07/20/2020,Cass,North Dakota,38017,2663,73,24
07/21/2020,Cass,North Dakota,38017,2673,74,10
07/22/2020,Cass,North Dakota,38017,2715,75,42
07/23/2020,Cass,North Dakota,38017,2734,75,19
07/24/2020,Cass,North Dakota,38017,2762,75,28
07/25/2020,Cass,North Dakota,38017,2765,75,3
07/26/2020,Cass,North Dakota,38017,2794,75,29
07/27/2020,Cass,North Dakota,38017,2816,75,22
07/28/2020,Cass,North Dakota,38017,2841,75,25
07/29/2020,Cass,North Dakota,38017,2850,76,9
07/30/2020,Cass,North Dakota,38017,2872,76,22
07/31/2020,Cass,North Dakota,38017,2897,76,25
08/01/2020,Cass,North Dakota,38017,2917,76,20
08/02/2020,Cass,North Dakota,38017,2922,76,5
08/03/2020,Cass,North Dakota,38017,2932,76,10
08/04/2020,Cass,North Dakota,38017,2938,76,6
08/05/2020,Cass,North Dakota,38017,2958,76,20
08/06/2020,Cass,North Dakota,38017,2977,76,19
08/07/2020,Cass,North Dakota,38017,3006,76,29
08/08/2020,Cass,North Dakota,38017,3028,76,22
08/09/2020,Cass,North Dakota,38017,3039,76,11
08/10/2020,Cass,North Dakota,38017,3046,76,7
08/11/2020,Cass,North Dakota,38017,3058,76,12
08/12/2020,Cass,North Dakota,38017,3073,76,15
08/13/2020,Cass,North Dakota,38017,3088,76,15
08/14/2020,Cass,North Dakota,38017,3104,76,16
08/15/2020,Cass,North Dakota,38017,3117,76,13
08/16/2020,Cass,North Dakota,38017,3128,76,11
08/17/2020,Cass,North Dakota,38017,3135,76,7
08/18/2020,Cass,North Dakota,38017,3148,76,13
08/19/2020,Cass,North Dakota,38017,3182,76,34
08/20/2020,Cass,North Dakota,38017,3203,76,21
08/21/2020,Cass,North Dakota,38017,3223,76,20
08/22/2020,Cass,North Dakota,38017,3250,76,27
08/23/2020,Cass,North Dakota,38017,3274,76,24
08/24/2020,Cass,North Dakota,38017,3289,76,15
08/25/2020,Cass,North Dakota,38017,3309,76,20
08/26/2020,Cass,North Dakota,38017,3339,76,30
08/27/2020,Cass,North Dakota,38017,3375,76,36
08/28/2020,Cass,North Dakota,38017,3430,76,55
08/29/2020,Cass,North Dakota,38017,3470,76,40
08/30/2020,Cass,North Dakota,38017,3510,76,40
08/31/2020,Cass,North Dakota,38017,3526,76,16
09/01/2020,Cass,North Dakota,38017,3554,76,28
09/02/2020,Cass,North Dakota,38017,3604,76,50
09/03/2020,Cass,North Dakota,38017,3661,76,57
09/04/2020,Cass,North Dakota,38017,3740,76,79
09/05/2020,Cass,North Dakota,38017,3813,76,73
09/06/2020,Cass,North Dakota,38017,3857,76,44
09/07/2020,Cass,North Dakota,38017,3881,76,24
09/08/2020,Cass,North Dakota,38017,3894,76,13
09/09/2020,Cass,North Dakota,38017,3957,76,63
09/10/2020,Cass,North Dakota,38017,4020,76,63
09/11/2020,Cass,North Dakota,38017,4060,76,40
09/12/2020,Cass,North Dakota,38017,4131,77,71
09/13/2020,Cass,North Dakota,38017,4214,77,83
09/14/2020,Cass,North Dakota,38017,4294,77,80
09/15/2020,Cass,North Dakota,38017,4328,77,34
09/16/2020,Cass,North Dakota,38017,4407,77,79
09/17/2020,Cass,North Dakota,38017,4456,77,49
09/18/2020,Cass,North Dakota,38017,4533,77,77
09/19/2020,Cass,North Dakota,38017,4603,77,70
09/20/2020,Cass,North Dakota,38017,4676,77,73
09/21/2020,Cass,North Dakota,38017,4722,77,46
09/22/2020,Cass,North Dakota,38017,4767,77,45
09/23/2020,Cass,North Dakota,38017,4849,77,82
09/24/2020,Cass,North Dakota,38017,4927,77,78
09/25/2020,Cass,North Dakota,38017,4984,77,57
09/26/2020,Cass,North Dakota,38017,5064,77,80
09/27/2020,Cass,North Dakota,38017,5122,77,58
09/28/2020,Cass,North Dakota,38017,5177,77,55
09/29/2020,Cass,North Dakota,38017,5250,77,73
09/30/2020,Cass,North Dakota,38017,5334,77,84
10/01/2020,Cass,North Dakota,38017,5416,77,82
10/02/2020,Cass,North Dakota,38017,5500,78,84
10/03/2020,Cass,North Dakota,38017,5595,78,95
10/04/2020,Cass,North Dakota,38017,5678,78,83
10/05/2020,Cass,North Dakota,38017,5728,78,50
10/06/2020,Cass,North Dakota,38017,5812,78,84
10/07/2020,Cass,North Dakota,38017,5946,78,134
10/08/2020,Cass,North Dakota,38017,6081,78,135
10/09/2020,Cass,North Dakota,38017,6192,78,111
10/10/2020,Cass,North Dakota,38017,6301,78,109
10/11/2020,Cass,North Dakota,38017,6446,78,145
10/12/2020,Cass,North Dakota,38017,6535,78,89
10/13/2020,Cass,North Dakota,38017,6703,78,168
10/14/2020,Cass,North Dakota,38017,6917,78,214
10/15/2020,Cass,North Dakota,38017,7011,78,94
10/16/2020,Cass,North Dakota,38017,7231,79,220
10/17/2020,Cass,North Dakota,38017,7405,79,174
10/18/2020,Cass,North Dakota,38017,7536,79,131
10/19/2020,Cass,North Dakota,38017,7753,79,217
10/20/2020,Cass,North Dakota,38017,7915,81,162
10/21/2020,Cass,North Dakota,38017,8010,81,95
10/22/2020,Cass,North Dakota,38017,8207,82,197
10/23/2020,Cass,North Dakota,38017,8359,83,152
10/24/2020,Cass,North Dakota,38017,8480,83,121
10/25/2020,Cass,North Dakota,38017,8658,83,178
10/26/2020,Cass,North Dakota,38017,8794,84,136
10/27/2020,Cass,North Dakota,38017,8925,84,131
10/28/2020,Cass,North Dakota,38017,9056,84,131
10/29/2020,Cass,North Dakota,38017,9333,85,277
10/30/2020,Cass,North Dakota,38017,9510,85,177
10/31/2020,Cass,North Dakota,38017,9748,85,238
